map,race,drInMyBase,allLing,emBaseLing,emFrontLing,myBaseLing,myFrontLing,otherLing,time,allHat,allHatCom,allHatUnCom,emBaseHat,emBaseHatCom,emBaseHatUnCom,emFrontHat,emFrontHatCom,emFrontHatUnCom,nearMeHat,nearMeHatCom,nearMeHatUnCom,emGas,myBaseEmGas,emBaseIsClose,ememyBaseFound,ememyBaseIsVisible,hatBefore3M,frontHatHP,y
(4)CircuitBreaker.scx,Zerg,0,0,0,0,0,0,0,2880,0,0,0,0,0,0,0,0,0,0,0,0,0,0,0,0,0,0,0,30
(4)CircuitBreaker.scx,Zerg,0,0,0,0,0,0,0,2892,0,0,0,0,0,0,0,0,0,0,0,0,0,0,0,0,0,0,0,30
(4)CircuitBreaker.scx,Zerg,0,0,0,0,0,0,0,2904,0,0,0,0,0,0,0,0,0,0,0,0,0,0,0,0,0,0,0,30
(4)CircuitBreaker.scx,Zerg,0,0,0,0,0,0,0,2916,0,0,0,0,0,0,0,0,0,0,0,0,0,0,0,0,0,0,0,30
(4)CircuitBreaker.scx,Zerg,0,0,0,0,0,0,0,2928,0,0,0,0,0,0,0,0,0,0,0,0,0,0,0,0,0,0,0,30
(4)CircuitBreaker.scx,Zerg,0,0,0,0,0,0,0,2940,0,0,0,0,0,0,0,0,0,0,0,0,0,0,0,0,0,0,0,30
(4)CircuitBreaker.scx,Zerg,0,0,0,0,0,0,0,2952,0,0,0,0,0,0,0,0,0,0,0,0,0,0,0,0,0,0,0,30
(4)CircuitBreaker.scx,Zerg,0,0,0,0,0,0,0,2964,0,0,0,0,0,0,0,0,0,0,0,0,0,0,0,0,0,0,0,30
(4)CircuitBreaker.scx,Zerg,0,0,0,0,0,0,0,2976,0,0,0,0,0,0,0,0,0,0,0,0,0,0,0,0,0,0,0,30
(4)CircuitBreaker.scx,Zerg,0,0,0,0,0,0,0,2988,0,0,0,0,0,0,0,0,0,0,0,0,0,0,0,0,0,0,0,30
(4)CircuitBreaker.scx,Zerg,0,0,0,0,0,0,0,3000,0,0,0,0,0,0,0,0,0,0,0,0,0,0,0,0,0,0,0,30
(4)CircuitBreaker.scx,Zerg,0,0,0,0,0,0,0,3012,0,0,0,0,0,0,0,0,0,0,0,0,0,0,0,0,0,0,0,30
(4)CircuitBreaker.scx,Zerg,0,0,0,0,0,0,0,3024,0,0,0,0,0,0,0,0,0,0,0,0,0,0,0,0,0,0,0,30
(4)CircuitBreaker.scx,Zerg,0,0,0,0,0,0,0,3036,0,0,0,0,0,0,0,0,0,0,0,0,0,0,0,0,0,0,0,30
(4)CircuitBreaker.scx,Zerg,0,0,0,0,0,0,0,3048,0,0,0,0,0,0,0,0,0,0,0,0,0,0,0,0,0,0,0,30
(4)CircuitBreaker.scx,Zerg,0,0,0,0,0,0,0,3060,0,0,0,0,0,0,0,0,0,0,0,0,0,0,0,0,0,0,0,30
(4)CircuitBreaker.scx,Zerg,0,0,0,0,0,0,0,3072,0,0,0,0,0,0,0,0,0,0,0,0,0,0,0,0,0,0,0,30
(4)CircuitBreaker.scx,Zerg,0,0,0,0,0,0,0,3084,0,0,0,0,0,0,0,0,0,0,0,0,0,0,0,0,0,0,0,30
(4)CircuitBreaker.scx,Zerg,0,0,0,0,0,0,0,3096,0,0,0,0,0,0,0,0,0,0,0,0,0,0,0,0,0,0,0,30
(4)CircuitBreaker.scx,Zerg,0,0,0,0,0,0,0,3108,0,0,0,0,0,0,0,0,0,0,0,0,0,0,0,0,0,0,0,30
(4)CircuitBreaker.scx,Zerg,0,0,0,0,0,0,0,3120,0,0,0,0,0,0,0,0,0,0,0,0,0,0,0,0,0,0,0,30
(4)CircuitBreaker.scx,Zerg,0,0,0,0,0,0,0,3132,0,0,0,0,0,0,0,0,0,0,0,0,0,0,0,0,0,0,0,30
(4)CircuitBreaker.scx,Zerg,0,0,0,0,0,0,0,3144,0,0,0,0,0,0,0,0,0,0,0,0,0,0,0,0,0,0,0,30
(4)CircuitBreaker.scx,Zerg,0,0,0,0,0,0,0,3156,0,0,0,0,0,0,0,0,0,0,0,0,0,0,0,0,0,0,0,30
(4)CircuitBreaker.scx,Zerg,0,0,0,0,0,0,0,3168,0,0,0,0,0,0,0,0,0,0,0,0,0,0,0,0,0,0,0,30
(4)CircuitBreaker.scx,Zerg,0,0,0,0,0,0,0,3180,0,0,0,0,0,0,0,0,0,0,0,0,0,0,0,0,0,0,0,30
(4)CircuitBreaker.scx,Zerg,0,0,0,0,0,0,0,3192,0,0,0,0,0,0,0,0,0,0,0,0,0,0,0,0,0,0,0,30
(4)CircuitBreaker.scx,Zerg,0,0,0,0,0,0,0,3204,0,0,0,0,0,0,0,0,0,0,0,0,0,0,0,0,0,0,0,30
(4)CircuitBreaker.scx,Zerg,0,0,0,0,0,0,0,3216,0,0,0,0,0,0,0,0,0,0,0,0,0,0,0,0,0,0,0,30
(4)CircuitBreaker.scx,Zerg,0,0,0,0,0,0,0,3228,0,0,0,0,0,0,0,0,0,0,0,0,0,0,0,0,0,0,0,30
(4)CircuitBreaker.scx,Zerg,0,0,0,0,0,0,0,3240,0,0,0,0,0,0,0,0,0,0,0,0,0,0,0,0,0,0,0,30
(4)CircuitBreaker.scx,Zerg,0,0,0,0,0,0,0,3252,0,0,0,0,0,0,0,0,0,0,0,0,0,0,0,0,0,0,0,30
(4)CircuitBreaker.scx,Zerg,0,0,0,0,0,0,0,3264,0,0,0,0,0,0,0,0,0,0,0,0,0,0,0,0,0,0,0,30
(4)CircuitBreaker.scx,Zerg,0,0,0,0,0,0,0,3276,0,0,0,0,0,0,0,0,0,0,0,0,0,0,0,0,0,0,0,30
(4)CircuitBreaker.scx,Zerg,0,0,0,0,0,0,0,3288,0,0,0,0,0,0,0,0,0,0,0,0,0,0,0,0,0,0,0,30
(4)CircuitBreaker.scx,Zerg,0,0,0,0,0,0,0,3300,0,0,0,0,0,0,0,0,0,0,0,0,0,0,0,0,0,0,0,30
(4)CircuitBreaker.scx,Zerg,0,0,0,0,0,0,0,3312,0,0,0,0,0,0,0,0,0,0,0,0,0,0,0,0,0,0,0,30
(4)CircuitBreaker.scx,Zerg,0,0,0,0,0,0,0,3324,0,0,0,0,0,0,0,0,0,0,0,0,0,0,0,0,0,0,0,30
(4)CircuitBreaker.scx,Zerg,0,0,0,0,0,0,0,3336,0,0,0,0,0,0,0,0,0,0,0,0,0,0,0,0,0,0,0,30
(4)CircuitBreaker.scx,Zerg,0,0,0,0,0,0,0,3348,0,0,0,0,0,0,0,0,0,0,0,0,0,0,0,0,0,0,0,30
(4)CircuitBreaker.scx,Zerg,0,0,0,0,0,0,0,3360,0,0,0,0,0,0,0,0,0,0,0,0,0,0,0,0,0,0,0,30
(4)CircuitBreaker.scx,Zerg,0,0,0,0,0,0,0,3372,0,0,0,0,0,0,0,0,0,0,0,0,0,0,0,0,0,0,0,30
(4)CircuitBreaker.scx,Zerg,0,0,0,0,0,0,0,3384,0,0,0,0,0,0,0,0,0,0,0,0,0,0,0,0,0,0,0,30
(4)CircuitBreaker.scx,Zerg,0,0,0,0,0,0,0,3396,0,0,0,0,0,0,0,0,0,0,0,0,0,0,0,0,0,0,0,30
(4)CircuitBreaker.scx,Zerg,0,0,0,0,0,0,0,3408,0,0,0,0,0,0,0,0,0,0,0,0,0,0,0,0,0,0,0,30
(4)CircuitBreaker.scx,Zerg,0,0,0,0,0,0,0,3420,0,0,0,0,0,0,0,0,0,0,0,0,0,0,0,0,0,0,0,30
(4)CircuitBreaker.scx,Zerg,0,0,0,0,0,0,0,3432,0,0,0,0,0,0,0,0,0,0,0,0,0,0,0,0,0,0,0,30
(4)CircuitBreaker.scx,Zerg,0,0,0,0,0,0,0,3444,0,0,0,0,0,0,0,0,0,0,0,0,0,0,0,0,0,0,0,30
(4)CircuitBreaker.scx,Zerg,0,0,0,0,0,0,0,3456,0,0,0,0,0,0,0,0,0,0,0,0,0,0,0,0,0,0,0,30
(4)CircuitBreaker.scx,Zerg,0,0,0,0,0,0,0,3468,0,0,0,0,0,0,0,0,0,0,0,0,0,0,0,0,0,0,0,30
(4)CircuitBreaker.scx,Zerg,0,0,0,0,0,0,0,3480,0,0,0,0,0,0,0,0,0,0,0,0,0,0,0,0,0,0,0,30
(4)CircuitBreaker.scx,Zerg,0,0,0,0,0,0,0,3492,0,0,0,0,0,0,0,0,0,0,0,0,0,0,0,0,0,0,0,30
(4)CircuitBreaker.scx,Zerg,0,0,0,0,0,0,0,3504,0,0,0,0,0,0,0,0,0,0,0,0,0,0,0,0,0,0,0,30
(4)CircuitBreaker.scx,Zerg,0,0,0,0,0,0,0,3516,0,0,0,0,0,0,0,0,0,0,0,0,0,0,0,0,0,0,0,30
(4)CircuitBreaker.scx,Zerg,0,0,0,0,0,0,0,3528,0,0,0,0,0,0,0,0,0,0,0,0,0,0,0,0,0,0,0,30
(4)CircuitBreaker.scx,Zerg,0,0,0,0,0,0,0,3540,0,0,0,0,0,0,0,0,0,0,0,0,0,0,0,0,0,0,0,30
(4)CircuitBreaker.scx,Zerg,0,0,0,0,0,0,0,3552,0,0,0,0,0,0,0,0,0,0,0,0,0,0,0,0,0,0,0,30
(4)CircuitBreaker.scx,Zerg,0,0,0,0,0,0,0,3564,0,0,0,0,0,0,0,0,0,0,0,0,0,0,0,0,0,0,0,30
(4)CircuitBreaker.scx,Zerg,0,0,0,0,0,0,0,3576,0,0,0,0,0,0,0,0,0,0,0,0,0,0,0,0,0,0,0,30
(4)CircuitBreaker.scx,Zerg,0,0,0,0,0,0,0,3588,0,0,0,0,0,0,0,0,0,0,0,0,0,0,0,0,0,0,0,30
(4)CircuitBreaker.scx,Zerg,0,0,0,0,0,0,0,3600,0,0,0,0,0,0,0,0,0,0,0,0,0,0,0,0,0,0,0,30
(4)CircuitBreaker.scx,Zerg,0,0,0,0,0,0,0,3612,0,0,0,0,0,0,0,0,0,0,0,0,0,0,0,0,0,0,0,30
(4)CircuitBreaker.scx,Zerg,0,0,0,0,0,0,0,3624,0,0,0,0,0,0,0,0,0,0,0,0,0,0,0,0,0,0,0,30
(4)CircuitBreaker.scx,Zerg,0,0,0,0,0,0,0,3636,0,0,0,0,0,0,0,0,0,0,0,0,0,0,0,0,0,0,0,30
(4)CircuitBreaker.scx,Zerg,0,0,0,0,0,0,0,3648,0,0,0,0,0,0,0,0,0,0,0,0,0,0,0,0,0,0,0,30
(4)CircuitBreaker.scx,Zerg,0,0,0,0,0,0,0,3660,0,0,0,0,0,0,0,0,0,0,0,0,0,0,0,0,0,0,0,30
(4)CircuitBreaker.scx,Zerg,0,0,0,0,0,0,0,3672,0,0,0,0,0,0,0,0,0,0,0,0,0,0,0,0,0,0,0,30
(4)CircuitBreaker.scx,Zerg,0,0,0,0,0,0,0,3684,0,0,0,0,0,0,0,0,0,0,0,0,0,0,0,0,0,0,0,30
(4)CircuitBreaker.scx,Zerg,0,0,0,0,0,0,0,3696,0,0,0,0,0,0,0,0,0,0,0,0,0,0,0,0,0,0,0,30
(4)CircuitBreaker.scx,Zerg,0,0,0,0,0,0,0,3708,0,0,0,0,0,0,0,0,0,0,0,0,0,0,0,0,0,0,0,30
(4)CircuitBreaker.scx,Zerg,0,0,0,0,0,0,0,3720,0,0,0,0,0,0,0,0,0,0,0,0,0,0,0,0,0,0,0,30
(4)CircuitBreaker.scx,Zerg,0,0,0,0,0,0,0,3732,0,0,0,0,0,0,0,0,0,0,0,0,0,0,0,0,0,0,0,30
(4)CircuitBreaker.scx,Zerg,0,0,0,0,0,0,0,3744,0,0,0,0,0,0,0,0,0,0,0,0,0,0,0,0,0,0,0,30
(4)CircuitBreaker.scx,Zerg,0,0,0,0,0,0,0,3756,0,0,0,0,0,0,0,0,0,0,0,0,0,0,0,0,0,0,0,30
(4)CircuitBreaker.scx,Zerg,0,0,0,0,0,0,0,3768,0,0,0,0,0,0,0,0,0,0,0,0,0,0,0,0,0,0,0,30
(4)CircuitBreaker.scx,Zerg,0,0,0,0,0,0,0,3780,0,0,0,0,0,0,0,0,0,0,0,0,0,0,0,0,0,0,0,30
(4)CircuitBreaker.scx,Zerg,0,0,0,0,0,0,0,3792,0,0,0,0,0,0,0,0,0,0,0,0,0,0,0,0,0,0,0,30
(4)CircuitBreaker.scx,Zerg,0,0,0,0,0,0,0,3804,0,0,0,0,0,0,0,0,0,0,0,0,0,0,0,0,0,0,0,30
(4)CircuitBreaker.scx,Zerg,0,0,0,0,0,0,0,3816,0,0,0,0,0,0,0,0,0,0,0,0,0,0,0,0,1,0,0,30
(4)CircuitBreaker.scx,Zerg,0,0,0,0,0,0,0,3828,0,0,0,0,0,0,0,0,0,0,0,0,0,0,0,0,1,0,0,30
(4)CircuitBreaker.scx,Zerg,0,0,0,0,0,0,0,3840,0,0,0,0,0,0,0,0,0,0,0,0,0,0,0,0,1,0,0,30
(4)CircuitBreaker.scx,Zerg,0,0,0,0,0,0,0,3852,0,0,0,0,0,0,0,0,0,0,0,0,0,0,0,0,1,0,0,30
(4)CircuitBreaker.scx,Zerg,0,0,0,0,0,0,0,3864,0,0,0,0,0,0,0,0,0,0,0,0,0,0,0,0,1,0,0,30
(4)CircuitBreaker.scx,Zerg,0,0,0,0,0,0,0,3876,0,0,0,0,0,0,0,0,0,0,0,0,0,0,0,0,1,0,0,30
(4)CircuitBreaker.scx,Zerg,0,0,0,0,0,0,0,3888,0,0,0,0,0,0,0,0,0,0,0,0,0,0,0,0,1,0,0,30
(4)CircuitBreaker.scx,Zerg,0,0,0,0,0,0,0,3900,0,0,0,0,0,0,0,0,0,0,0,0,0,0,0,0,0,0,0,30
(4)CircuitBreaker.scx,Zerg,0,0,0,0,0,0,0,3912,0,0,0,0,0,0,0,0,0,0,0,0,0,0,0,0,0,0,0,30
(4)CircuitBreaker.scx,Zerg,0,0,0,0,0,0,0,3924,0,0,0,0,0,0,0,0,0,0,0,0,0,0,0,0,0,0,0,30
(4)CircuitBreaker.scx,Zerg,0,0,0,0,0,0,0,3936,0,0,0,0,0,0,0,0,0,0,0,0,0,0,0,0,0,0,0,30
(4)CircuitBreaker.scx,Zerg,0,0,0,0,0,0,0,3948,0,0,0,0,0,0,0,0,0,0,0,0,0,0,0,0,0,0,0,30
(4)CircuitBreaker.scx,Zerg,0,0,0,0,0,0,0,3960,0,0,0,0,0,0,0,0,0,0,0,0,0,0,0,0,0,0,0,30
(4)CircuitBreaker.scx,Zerg,0,0,0,0,0,0,0,3972,0,0,0,0,0,0,0,0,0,0,0,0,0,0,0,0,0,0,0,30
(4)CircuitBreaker.scx,Zerg,0,0,0,0,0,0,0,3984,0,0,0,0,0,0,0,0,0,0,0,0,0,0,0,0,0,0,0,30
(4)CircuitBreaker.scx,Zerg,0,0,0,0,0,0,0,3996,0,0,0,0,0,0,0,0,0,0,0,0,0,0,0,0,0,0,0,30
(4)CircuitBreaker.scx,Zerg,0,0,0,0,0,0,0,4008,0,0,0,0,0,0,0,0,0,0,0,0,0,0,0,0,0,0,0,30
(4)CircuitBreaker.scx,Zerg,0,0,0,0,0,0,0,4020,0,0,0,0,0,0,0,0,0,0,0,0,0,0,0,0,0,0,0,30
(4)CircuitBreaker.scx,Zerg,0,0,0,0,0,0,0,4032,0,0,0,0,0,0,0,0,0,0,0,0,0,0,0,0,0,0,0,30
(4)CircuitBreaker.scx,Zerg,0,0,0,0,0,0,0,4044,0,0,0,0,0,0,0,0,0,0,0,0,0,0,0,0,0,0,0,30
(4)CircuitBreaker.scx,Zerg,0,0,0,0,0,0,0,4056,0,0,0,0,0,0,0,0,0,0,0,0,0,0,0,0,0,0,0,30
(4)CircuitBreaker.scx,Zerg,0,0,0,0,0,0,0,4068,0,0,0,0,0,0,0,0,0,0,0,0,0,0,0,0,0,0,0,30
(4)CircuitBreaker.scx,Zerg,0,0,0,0,0,0,0,4080,0,0,0,0,0,0,0,0,0,0,0,0,0,0,0,0,0,0,0,30
(4)CircuitBreaker.scx,Zerg,0,0,0,0,0,0,0,4092,0,0,0,0,0,0,0,0,0,0,0,0,0,0,0,0,0,0,0,30
(4)CircuitBreaker.scx,Zerg,0,0,0,0,0,0,0,4104,0,0,0,0,0,0,0,0,0,0,0,0,0,0,0,0,0,0,0,30
(4)CircuitBreaker.scx,Zerg,0,0,0,0,0,0,0,4116,0,0,0,0,0,0,0,0,0,0,0,0,0,0,0,0,0,0,0,30
(4)CircuitBreaker.scx,Zerg,0,0,0,0,0,0,0,4128,0,0,0,0,0,0,0,0,0,0,0,0,0,0,0,0,0,0,0,30
(4)CircuitBreaker.scx,Zerg,0,0,0,0,0,0,0,4140,0,0,0,0,0,0,0,0,0,0,0,0,0,0,0,0,0,0,0,30
(4)CircuitBreaker.scx,Zerg,0,0,0,0,0,0,0,4152,0,0,0,0,0,0,0,0,0,0,0,0,0,0,0,0,0,0,0,30
(4)CircuitBreaker.scx,Zerg,0,0,0,0,0,0,0,4164,0,0,0,0,0,0,0,0,0,0,0,0,0,0,0,0,0,0,0,30
(4)CircuitBreaker.scx,Zerg,0,0,0,0,0,0,0,4176,0,0,0,0,0,0,0,0,0,0,0,0,0,0,0,0,0,0,0,30
(4)CircuitBreaker.scx,Zerg,0,0,0,0,0,0,0,4188,0,0,0,0,0,0,0,0,0,0,0,0,0,0,0,0,0,0,0,30
(4)CircuitBreaker.scx,Zerg,0,0,0,0,0,0,0,4200,0,0,0,0,0,0,0,0,0,0,0,0,0,0,0,0,0,0,0,30
(4)CircuitBreaker.scx,Zerg,0,0,0,0,0,0,0,4212,0,0,0,0,0,0,0,0,0,0,0,0,0,0,0,0,0,0,0,30
(4)CircuitBreaker.scx,Zerg,0,0,0,0,0,0,0,4224,0,0,0,0,0,0,0,0,0,0,0,0,0,0,0,0,0,0,0,30
(4)CircuitBreaker.scx,Zerg,0,0,0,0,0,0,0,4236,0,0,0,0,0,0,0,0,0,0,0,0,0,0,0,0,0,0,0,30
(4)CircuitBreaker.scx,Zerg,1,0,0,0,0,0,0,4248,0,0,0,0,0,0,0,0,0,0,0,0,0,0,0,0,0,0,0,30
(4)CircuitBreaker.scx,Zerg,1,0,0,0,0,0,0,4260,0,0,0,0,0,0,0,0,0,0,0,0,0,0,0,1,0,0,0,30
(4)CircuitBreaker.scx,Zerg,1,0,0,0,0,0,0,4272,0,0,0,0,0,0,0,0,0,0,0,0,0,0,0,1,0,0,0,30
(4)CircuitBreaker.scx,Zerg,1,0,0,0,0,0,0,4284,0,0,0,0,0,0,0,0,0,0,0,0,0,0,0,1,0,0,0,30
(4)CircuitBreaker.scx,Zerg,1,0,0,0,0,0,0,4296,0,0,0,0,0,0,0,0,0,0,0,0,0,0,0,1,0,0,0,30
(4)CircuitBreaker.scx,Zerg,1,0,0,0,0,0,0,4308,0,0,0,0,0,0,0,0,0,0,0,0,0,0,0,1,0,0,0,30
(4)CircuitBreaker.scx,Zerg,1,0,0,0,0,0,0,4320,0,0,0,0,0,0,0,0,0,0,0,0,0,0,0,1,0,0,0,30
(4)CircuitBreaker.scx,Zerg,1,0,0,0,0,0,0,4332,0,0,0,0,0,0,0,0,0,0,0,0,0,0,0,1,0,0,0,30
(4)CircuitBreaker.scx,Zerg,1,0,0,0,0,0,0,4344,0,0,0,0,0,0,0,0,0,0,0,0,0,0,0,1,0,0,0,30
(4)CircuitBreaker.scx,Zerg,1,0,0,0,0,0,0,4356,0,0,0,0,0,0,0,0,0,0,0,0,0,0,0,1,0,0,0,30
(4)CircuitBreaker.scx,Zerg,1,0,0,0,0,0,0,4368,0,0,0,0,0,0,0,0,0,0,0,0,0,0,0,1,0,0,0,30
(4)CircuitBreaker.scx,Zerg,1,0,0,0,0,0,0,4380,0,0,0,0,0,0,0,0,0,0,0,0,0,0,0,1,0,0,0,30
(4)CircuitBreaker.scx,Zerg,1,0,0,0,0,0,0,4392,0,0,0,0,0,0,0,0,0,0,0,0,0,0,0,1,0,0,0,30
(4)CircuitBreaker.scx,Zerg,1,0,0,0,0,0,0,4404,0,0,0,0,0,0,0,0,0,0,0,0,0,0,0,1,0,0,0,30
(4)CircuitBreaker.scx,Zerg,1,0,0,0,0,0,0,4416,0,0,0,0,0,0,0,0,0,0,0,0,0,0,0,1,0,0,0,30
(4)CircuitBreaker.scx,Zerg,1,0,0,0,0,0,0,4428,0,0,0,0,0,0,0,0,0,0,0,0,0,0,0,1,0,0,0,30
(4)CircuitBreaker.scx,Zerg,1,0,0,0,0,0,0,4440,0,0,0,0,0,0,0,0,0,0,0,0,0,0,0,1,0,0,0,30
(4)CircuitBreaker.scx,Zerg,1,0,0,0,0,0,0,4452,0,0,0,0,0,0,0,0,0,0,0,0,0,0,0,1,0,0,0,30
(4)CircuitBreaker.scx,Zerg,1,0,0,0,0,0,0,4464,0,0,0,0,0,0,0,0,0,0,0,0,0,0,0,1,0,0,0,30
(4)CircuitBreaker.scx,Zerg,1,0,0,0,0,0,0,4476,0,0,0,0,0,0,0,0,0,0,0,0,0,0,0,1,0,0,0,30
(4)CircuitBreaker.scx,Zerg,1,0,0,0,0,0,0,4488,0,0,0,0,0,0,0,0,0,0,0,0,0,0,0,1,0,0,0,30
(4)CircuitBreaker.scx,Zerg,1,0,0,0,0,0,0,4500,0,0,0,0,0,0,0,0,0,0,0,0,0,0,0,1,0,0,0,30
(4)CircuitBreaker.scx,Zerg,1,0,0,0,0,0,0,4512,0,0,0,0,0,0,0,0,0,0,0,0,0,0,0,1,0,0,0,30
(4)CircuitBreaker.scx,Zerg,0,0,0,0,0,0,0,4524,0,0,0,0,0,0,0,0,0,0,0,0,0,0,0,1,0,0,0,30
(4)CircuitBreaker.scx,Zerg,0,0,0,0,0,0,0,4536,0,0,0,0,0,0,0,0,0,0,0,0,0,0,0,1,0,0,0,30
(4)CircuitBreaker.scx,Zerg,0,0,0,0,0,0,0,4548,0,0,0,0,0,0,0,0,0,0,0,0,0,0,0,1,0,0,0,30
(4)CircuitBreaker.scx,Zerg,0,0,0,0,0,0,0,4560,0,0,0,0,0,0,0,0,0,0,0,0,0,0,0,1,0,0,0,30
(4)CircuitBreaker.scx,Zerg,0,0,0,0,0,0,0,4572,0,0,0,0,0,0,0,0,0,0,0,0,0,0,0,1,0,0,0,30
(4)CircuitBreaker.scx,Zerg,1,0,0,0,0,0,0,4584,0,0,0,0,0,0,0,0,0,0,0,0,0,0,0,1,0,0,0,30
(4)CircuitBreaker.scx,Zerg,1,0,0,0,0,0,0,4596,0,0,0,0,0,0,0,0,0,0,0,0,0,0,0,1,0,0,0,30
(4)CircuitBreaker.scx,Zerg,1,0,0,0,0,0,0,4608,0,0,0,0,0,0,0,0,0,0,0,0,0,0,0,1,0,0,0,30
(4)CircuitBreaker.scx,Zerg,1,0,0,0,0,0,0,4620,0,0,0,0,0,0,0,0,0,0,0,0,0,0,0,1,0,0,0,30
(4)CircuitBreaker.scx,Zerg,1,0,0,0,0,0,0,4632,0,0,0,0,0,0,0,0,0,0,0,0,0,0,0,1,0,0,0,30
(4)CircuitBreaker.scx,Zerg,1,0,0,0,0,0,0,4644,0,0,0,0,0,0,0,0,0,0,0,0,0,0,0,1,0,0,0,30
(4)CircuitBreaker.scx,Zerg,1,0,0,0,0,0,0,4656,0,0,0,0,0,0,0,0,0,0,0,0,0,0,0,1,0,0,0,30
(4)CircuitBreaker.scx,Zerg,1,0,0,0,0,0,0,4668,0,0,0,0,0,0,0,0,0,0,0,0,0,0,0,1,0,0,0,30
(4)CircuitBreaker.scx,Zerg,1,0,0,0,0,0,0,4680,0,0,0,0,0,0,0,0,0,0,0,0,0,0,0,1,0,0,0,30
(4)CircuitBreaker.scx,Zerg,1,0,0,0,0,0,0,4692,0,0,0,0,0,0,0,0,0,0,0,0,0,0,0,1,0,0,0,30
(4)CircuitBreaker.scx,Zerg,1,0,0,0,0,0,0,4704,0,0,0,0,0,0,0,0,0,0,0,0,0,0,0,1,0,0,0,30
(4)CircuitBreaker.scx,Zerg,1,0,0,0,0,0,0,4716,0,0,0,0,0,0,0,0,0,0,0,0,0,0,0,1,0,0,0,30
(4)CircuitBreaker.scx,Zerg,1,0,0,0,0,0,0,4728,0,0,0,0,0,0,0,0,0,0,0,0,0,0,0,1,0,0,0,30
(4)CircuitBreaker.scx,Zerg,1,0,0,0,0,0,0,4740,1,1,0,0,0,0,1,1,0,0,0,0,0,0,0,1,1,0,1250,30
(4)CircuitBreaker.scx,Zerg,1,0,0,0,0,0,0,4752,1,1,0,0,0,0,1,1,0,0,0,0,0,0,0,1,1,0,1250,30
(4)CircuitBreaker.scx,Zerg,1,0,0,0,0,0,0,4764,1,1,0,0,0,0,1,1,0,0,0,0,0,0,0,1,1,0,1250,30
(4)CircuitBreaker.scx,Zerg,1,0,0,0,0,0,0,4776,1,1,0,0,0,0,1,1,0,0,0,0,0,0,0,1,1,0,1250,30
(4)CircuitBreaker.scx,Zerg,1,0,0,0,0,0,0,4788,1,1,0,0,0,0,1,1,0,0,0,0,0,0,0,1,1,0,1250,30
(4)CircuitBreaker.scx,Zerg,1,0,0,0,0,0,0,4800,1,1,0,0,0,0,1,1,0,0,0,0,0,0,0,1,1,0,1250,30
(4)CircuitBreaker.scx,Zerg,1,0,0,0,0,0,0,4812,1,1,0,0,0,0,1,1,0,0,0,0,0,0,0,1,1,0,1250,30
(4)CircuitBreaker.scx,Zerg,1,0,0,0,0,0,0,4824,1,1,0,0,0,0,1,1,0,0,0,0,0,0,0,1,1,0,1250,30
(4)CircuitBreaker.scx,Zerg,1,0,0,0,0,0,0,4836,1,1,0,0,0,0,1,1,0,0,0,0,0,0,0,1,1,0,1250,30
(4)CircuitBreaker.scx,Zerg,1,0,0,0,0,0,0,4848,1,1,0,0,0,0,1,1,0,0,0,0,0,0,0,1,1,0,1250,30
(4)CircuitBreaker.scx,Zerg,1,0,0,0,0,0,0,4860,1,1,0,0,0,0,1,1,0,0,0,0,0,0,0,1,1,0,1250,30
(4)CircuitBreaker.scx,Zerg,1,0,0,0,0,0,0,4872,1,1,0,0,0,0,1,1,0,0,0,0,0,0,0,1,1,0,1250,30
(4)CircuitBreaker.scx,Zerg,1,0,0,0,0,0,0,4884,1,1,0,0,0,0,1,1,0,0,0,0,1,0,0,1,1,0,1250,30
(4)CircuitBreaker.scx,Zerg,1,0,0,0,0,0,0,4896,1,1,0,0,0,0,1,1,0,0,0,0,1,0,0,1,1,0,1250,30
(4)CircuitBreaker.scx,Zerg,1,0,0,0,0,0,0,4908,1,1,0,0,0,0,1,1,0,0,0,0,1,0,0,1,0,0,1250,30
(4)CircuitBreaker.scx,Zerg,1,0,0,0,0,0,0,4920,2,1,1,1,0,1,1,1,0,0,0,0,1,0,0,1,0,0,1250,30
(4)CircuitBreaker.scx,Zerg,1,0,0,0,0,0,0,4932,3,2,1,2,1,1,1,1,0,0,0,0,1,0,0,1,0,0,1250,30
(4)CircuitBreaker.scx,Zerg,1,0,0,0,0,0,0,4944,3,2,1,2,1,1,1,1,0,0,0,0,1,0,0,1,0,0,1250,30
(4)CircuitBreaker.scx,Zerg,1,0,0,0,0,0,0,4956,3,2,1,2,1,1,1,1,0,0,0,0,1,0,0,1,0,0,1250,30
(4)CircuitBreaker.scx,Zerg,1,0,0,0,0,0,0,4968,3,2,1,2,1,1,1,1,0,0,0,0,1,0,0,1,0,0,1250,30
(4)CircuitBreaker.scx,Zerg,1,0,0,0,0,0,0,4980,3,2,1,2,1,1,1,1,0,0,0,0,1,0,0,1,0,0,1250,30
(4)CircuitBreaker.scx,Zerg,1,0,0,0,0,0,0,4992,3,2,1,2,1,1,1,1,0,0,0,0,1,0,0,1,0,0,1250,30
(4)CircuitBreaker.scx,Zerg,1,0,0,0,0,0,0,5004,3,2,1,2,1,1,1,1,0,0,0,0,1,0,0,1,0,0,1250,30
(4)CircuitBreaker.scx,Zerg,1,0,0,0,0,0,0,5016,3,2,1,2,1,1,1,1,0,0,0,0,1,0,0,1,0,0,1250,30
(4)CircuitBreaker.scx,Zerg,1,0,0,0,0,0,0,5028,3,2,1,2,1,1,1,1,0,0,0,0,1,0,0,1,0,0,1250,30
(4)CircuitBreaker.scx,Zerg,1,0,0,0,0,0,0,5040,3,2,1,2,1,1,1,1,0,0,0,0,1,0,0,1,0,0,1250,30
(4)CircuitBreaker.scx,Zerg,1,0,0,0,0,0,0,5052,3,2,1,2,1,1,1,1,0,0,0,0,1,0,0,1,0,0,1250,30
(4)CircuitBreaker.scx,Zerg,1,0,0,0,0,0,0,5064,3,2,1,2,1,1,1,1,0,0,0,0,1,0,0,1,0,0,1250,30
(4)CircuitBreaker.scx,Zerg,1,0,0,0,0,0,0,5076,3,2,1,2,1,1,1,1,0,0,0,0,1,0,0,1,0,0,1250,30
(4)CircuitBreaker.scx,Zerg,1,0,0,0,0,0,0,5088,3,2,1,2,1,1,1,1,0,0,0,0,1,0,0,1,0,0,1250,30
(4)CircuitBreaker.scx,Zerg,1,0,0,0,0,0,0,5100,3,2,1,2,1,1,1,1,0,0,0,0,1,0,0,1,0,0,1250,30
(4)CircuitBreaker.scx,Zerg,1,0,0,0,0,0,0,5112,3,2,1,2,1,1,1,1,0,0,0,0,1,0,0,1,0,0,1250,30
(4)CircuitBreaker.scx,Zerg,1,0,0,0,0,0,0,5124,3,2,1,2,1,1,1,1,0,0,0,0,1,0,0,1,0,0,1250,30
(4)CircuitBreaker.scx,Zerg,1,0,0,0,0,0,0,5136,3,3,0,2,2,0,1,1,0,0,0,0,1,0,0,1,0,0,1250,30
(4)CircuitBreaker.scx,Zerg,1,0,0,0,0,0,0,5148,3,3,0,2,2,0,1,1,0,0,0,0,1,0,0,1,0,0,1250,30
(4)CircuitBreaker.scx,Zerg,1,0,0,0,0,0,0,5160,3,3,0,2,2,0,1,1,0,0,0,0,1,0,0,1,0,0,1250,30
(4)CircuitBreaker.scx,Zerg,0,0,0,0,0,0,0,5172,3,3,0,2,2,0,1,1,0,0,0,0,1,0,0,1,0,0,1250,30
(4)CircuitBreaker.scx,Zerg,0,0,0,0,0,0,0,5184,3,3,0,2,2,0,1,1,0,0,0,0,1,0,0,1,0,0,1250,30
(4)CircuitBreaker.scx,Zerg,0,0,0,0,0,0,0,5196,3,3,0,2,2,0,1,1,0,0,0,0,1,0,0,1,0,0,1250,30
(4)CircuitBreaker.scx,Zerg,0,0,0,0,0,0,0,5208,3,3,0,2,2,0,1,1,0,0,0,0,1,0,0,1,0,0,1250,30
(4)CircuitBreaker.scx,Zerg,1,0,0,0,0,0,0,5220,3,3,0,2,2,0,1,1,0,0,0,0,1,0,0,1,0,0,1250,30
(4)CircuitBreaker.scx,Zerg,1,0,0,0,0,0,0,5232,3,3,0,2,2,0,1,1,0,0,0,0,1,0,0,1,0,0,1250,30
(4)CircuitBreaker.scx,Zerg,1,0,0,0,0,0,0,5244,3,3,0,2,2,0,1,1,0,0,0,0,1,0,0,1,0,0,1250,30
(4)CircuitBreaker.scx,Zerg,1,0,0,0,0,0,0,5256,3,3,0,2,2,0,1,1,0,0,0,0,1,0,0,1,0,0,1250,30
(4)CircuitBreaker.scx,Zerg,1,0,0,0,0,0,0,5268,3,3,0,2,2,0,1,1,0,0,0,0,1,0,0,1,0,0,1250,30
(4)CircuitBreaker.scx,Zerg,1,0,0,0,0,0,0,5280,3,3,0,2,2,0,1,1,0,0,0,0,1,0,0,1,0,0,1250,30
(4)CircuitBreaker.scx,Zerg,1,0,0,0,0,0,0,5292,3,3,0,2,2,0,1,1,0,0,0,0,1,0,0,1,0,0,1250,30
(4)CircuitBreaker.scx,Zerg,1,0,0,0,0,0,0,5304,3,3,0,2,2,0,1,1,0,0,0,0,1,0,0,1,0,0,1250,30
(4)CircuitBreaker.scx,Zerg,1,0,0,0,0,0,0,5316,3,3,0,2,2,0,1,1,0,0,0,0,1,0,0,1,0,0,1250,30
(4)CircuitBreaker.scx,Zerg,1,0,0,0,0,0,0,5328,3,3,0,2,2,0,1,1,0,0,0,0,1,0,0,1,0,0,1250,30
(4)CircuitBreaker.scx,Zerg,1,0,0,0,0,0,0,5340,3,3,0,2,2,0,1,1,0,0,0,0,1,0,0,1,0,0,1250,30
(4)CircuitBreaker.scx,Zerg,1,0,0,0,0,0,0,5352,3,3,0,2,2,0,1,1,0,0,0,0,1,0,0,1,0,0,1250,30
(4)CircuitBreaker.scx,Zerg,1,0,0,0,0,0,0,5364,3,3,0,2,2,0,1,1,0,0,0,0,1,0,0,1,0,0,1250,30
(4)CircuitBreaker.scx,Zerg,1,0,0,0,0,0,0,5376,3,3,0,2,2,0,1,1,0,0,0,0,1,0,0,1,0,0,1250,30
(4)CircuitBreaker.scx,Zerg,1,0,0,0,0,0,0,5388,3,3,0,2,2,0,1,1,0,0,0,0,1,0,0,1,0,0,1250,30
(4)CircuitBreaker.scx,Zerg,1,0,0,0,0,0,0,5400,3,3,0,2,2,0,1,1,0,0,0,0,1,0,0,1,0,0,1250,30
(4)CircuitBreaker.scx,Zerg,1,0,0,0,0,0,0,5412,3,3,0,2,2,0,1,1,0,0,0,0,1,0,0,1,0,0,1250,30
(4)CircuitBreaker.scx,Zerg,1,0,0,0,0,0,0,5424,3,3,0,2,2,0,1,1,0,0,0,0,1,0,0,1,0,0,1250,30
(4)CircuitBreaker.scx,Zerg,1,0,0,0,0,0,0,5436,3,3,0,2,2,0,1,1,0,0,0,0,1,0,0,1,0,0,1250,30
(4)CircuitBreaker.scx,Zerg,1,0,0,0,0,0,0,5448,3,3,0,2,2,0,1,1,0,0,0,0,1,0,0,1,0,0,1250,30
(4)CircuitBreaker.scx,Zerg,1,0,0,0,0,0,0,5460,3,3,0,2,2,0,1,1,0,0,0,0,1,0,0,1,0,0,1250,30
(4)CircuitBreaker.scx,Zerg,1,0,0,0,0,0,0,5472,3,3,0,2,2,0,1,1,0,0,0,0,1,0,0,1,0,0,1250,30
(4)CircuitBreaker.scx,Zerg,1,0,0,0,0,0,0,5484,3,3,0,2,2,0,1,1,0,0,0,0,1,0,0,1,0,0,1250,30
(4)CircuitBreaker.scx,Zerg,1,0,0,0,0,0,0,5496,3,3,0,2,2,0,1,1,0,0,0,0,1,0,0,1,0,0,1250,30
(4)CircuitBreaker.scx,Zerg,1,0,0,0,0,0,0,5508,3,3,0,2,2,0,1,1,0,0,0,0,1,0,0,1,0,0,1250,30
(4)CircuitBreaker.scx,Zerg,1,0,0,0,0,0,0,5520,3,3,0,2,2,0,1,1,0,0,0,0,1,0,0,1,0,0,1250,30
(4)CircuitBreaker.scx,Zerg,1,0,0,0,0,0,0,5532,3,3,0,2,2,0,1,1,0,0,0,0,1,0,0,1,0,0,1250,30
(4)CircuitBreaker.scx,Zerg,1,0,0,0,0,0,0,5544,3,3,0,2,2,0,1,1,0,0,0,0,1,0,0,1,0,0,1250,30
(4)CircuitBreaker.scx,Zerg,1,0,0,0,0,0,0,5556,3,3,0,2,2,0,1,1,0,0,0,0,1,0,0,1,0,0,1250,30
(4)CircuitBreaker.scx,Zerg,1,0,0,0,0,0,0,5568,3,3,0,2,2,0,1,1,0,0,0,0,1,0,0,1,0,0,1250,30
(4)CircuitBreaker.scx,Zerg,1,0,0,0,0,0,0,5580,3,3,0,2,2,0,1,1,0,0,0,0,1,0,0,1,0,0,1250,30
(4)CircuitBreaker.scx,Zerg,1,0,0,0,0,0,0,5592,3,3,0,2,2,0,1,1,0,0,0,0,1,0,0,1,0,0,1250,30
(4)CircuitBreaker.scx,Zerg,1,0,0,0,0,0,0,5604,3,3,0,2,2,0,1,1,0,0,0,0,1,0,0,1,0,0,1250,30
(4)CircuitBreaker.scx,Zerg,1,0,0,0,0,0,0,5616,3,3,0,2,2,0,1,1,0,0,0,0,1,0,0,1,0,0,1250,30
(4)CircuitBreaker.scx,Zerg,1,0,0,0,0,0,0,5628,3,3,0,2,2,0,1,1,0,0,0,0,1,0,0,1,0,0,1250,30
(4)CircuitBreaker.scx,Zerg,1,0,0,0,0,0,0,5640,3,3,0,2,2,0,1,1,0,0,0,0,1,0,0,1,0,0,1250,30
(4)CircuitBreaker.scx,Zerg,1,0,0,0,0,0,0,5652,3,3,0,2,2,0,1,1,0,0,0,0,1,0,0,1,0,0,1250,30
(4)CircuitBreaker.scx,Zerg,1,0,0,0,0,0,0,5664,3,3,0,2,2,0,1,1,0,0,0,0,1,0,0,1,0,0,1250,30
(4)CircuitBreaker.scx,Zerg,1,0,0,0,0,0,0,5676,3,3,0,2,2,0,1,1,0,0,0,0,1,0,0,1,0,0,1250,30
(4)CircuitBreaker.scx,Zerg,1,0,0,0,0,0,0,5688,3,3,0,2,2,0,1,1,0,0,0,0,1,0,0,1,0,0,1250,30
(4)CircuitBreaker.scx,Zerg,1,0,0,0,0,0,0,5700,3,3,0,2,2,0,1,1,0,0,0,0,1,0,0,1,0,0,1250,30
(4)CircuitBreaker.scx,Zerg,1,0,0,0,0,0,0,5712,3,3,0,2,2,0,1,1,0,0,0,0,1,0,0,1,0,0,1250,30
(4)CircuitBreaker.scx,Zerg,1,0,0,0,0,0,0,5724,3,3,0,2,2,0,1,1,0,0,0,0,1,0,0,1,0,0,1250,30
(4)CircuitBreaker.scx,Zerg,1,0,0,0,0,0,0,5736,3,3,0,2,2,0,1,1,0,0,0,0,1,0,0,1,0,0,1250,30
(4)CircuitBreaker.scx,Zerg,1,0,0,0,0,0,0,5748,3,3,0,2,2,0,1,1,0,0,0,0,1,0,0,1,0,0,1250,30
(4)CircuitBreaker.scx,Zerg,1,0,0,0,0,0,0,5760,3,3,0,2,2,0,1,1,0,0,0,0,1,0,0,1,0,0,1250,30
(4)CircuitBreaker.scx,Zerg,1,0,0,0,0,0,0,5772,3,3,0,2,2,0,1,1,0,0,0,0,1,0,0,1,0,0,1250,30
(4)CircuitBreaker.scx,Zerg,1,0,0,0,0,0,0,5784,3,3,0,2,2,0,1,1,0,0,0,0,1,0,0,1,0,0,1250,30
(4)CircuitBreaker.scx,Zerg,0,0,0,0,0,0,0,5796,3,3,0,2,2,0,1,1,0,0,0,0,1,0,0,1,0,0,1250,30
(4)CircuitBreaker.scx,Zerg,0,0,0,0,0,0,0,5808,3,3,0,2,2,0,1,1,0,0,0,0,1,0,0,1,0,0,1250,30
(4)CircuitBreaker.scx,Zerg,0,0,0,0,0,0,0,5820,3,3,0,2,2,0,1,1,0,0,0,0,1,0,0,1,0,0,1250,30
(4)CircuitBreaker.scx,Zerg,0,0,0,0,0,0,0,5832,3,3,0,2,2,0,1,1,0,0,0,0,1,0,0,1,0,0,1250,30
(4)CircuitBreaker.scx,Zerg,0,0,0,0,0,0,0,5844,3,3,0,2,2,0,1,1,0,0,0,0,1,0,0,1,0,0,1250,30
(4)CircuitBreaker.scx,Zerg,1,0,0,0,0,0,0,5856,3,3,0,2,2,0,1,1,0,0,0,0,1,0,0,1,0,0,1250,30
(4)CircuitBreaker.scx,Zerg,1,0,0,0,0,0,0,5868,3,3,0,2,2,0,1,1,0,0,0,0,1,0,0,1,0,0,1250,30
(4)CircuitBreaker.scx,Zerg,1,0,0,0,0,0,0,5880,3,3,0,2,2,0,1,1,0,0,0,0,1,0,0,1,0,0,1250,30
(4)CircuitBreaker.scx,Zerg,1,0,0,0,0,0,0,5892,3,3,0,2,2,0,1,1,0,0,0,0,1,0,0,1,0,0,1250,30
(4)CircuitBreaker.scx,Zerg,1,0,0,0,0,0,0,5904,3,3,0,2,2,0,1,1,0,0,0,0,1,0,0,1,0,0,1250,30
(4)CircuitBreaker.scx,Zerg,1,0,0,0,0,0,0,5916,3,3,0,2,2,0,1,1,0,0,0,0,1,0,0,1,0,0,1250,30
(4)CircuitBreaker.scx,Zerg,1,0,0,0,0,0,0,5928,3,3,0,2,2,0,1,1,0,0,0,0,1,0,0,1,0,0,1250,30
(4)CircuitBreaker.scx,Zerg,1,0,0,0,0,0,0,5940,3,3,0,2,2,0,1,1,0,0,0,0,1,0,0,1,0,0,1250,30
(4)CircuitBreaker.scx,Zerg,1,0,0,0,0,0,0,5952,3,3,0,2,2,0,1,1,0,0,0,0,1,0,0,1,0,0,1250,30
(4)CircuitBreaker.scx,Zerg,1,0,0,0,0,0,0,5964,3,3,0,2,2,0,1,1,0,0,0,0,1,0,0,1,0,0,1250,30
(4)CircuitBreaker.scx,Zerg,1,0,0,0,0,0,0,5976,3,3,0,2,2,0,1,1,0,0,0,0,1,0,0,1,0,0,1250,30
(4)CircuitBreaker.scx,Zerg,1,0,0,0,0,0,0,5988,3,3,0,2,2,0,1,1,0,0,0,0,1,0,0,1,0,0,1250,30
(4)CircuitBreaker.scx,Zerg,1,0,0,0,0,0,0,6000,3,3,0,2,2,0,1,1,0,0,0,0,1,0,0,1,0,0,1250,30
(4)CircuitBreaker.scx,Zerg,1,0,0,0,0,0,0,6012,3,3,0,2,2,0,1,1,0,0,0,0,1,0,0,1,0,0,1250,30
(4)CircuitBreaker.scx,Zerg,1,0,0,0,0,0,0,6024,3,3,0,2,2,0,1,1,0,0,0,0,1,0,0,1,0,0,1250,30
(4)CircuitBreaker.scx,Zerg,1,0,0,0,0,0,0,6036,3,3,0,2,2,0,1,1,0,0,0,0,1,0,0,1,0,0,1250,30
(4)CircuitBreaker.scx,Zerg,1,0,0,0,0,0,0,6048,3,3,0,2,2,0,1,1,0,0,0,0,1,0,0,1,0,0,1250,30
(4)CircuitBreaker.scx,Zerg,1,0,0,0,0,0,0,6060,3,3,0,2,2,0,1,1,0,0,0,0,1,0,0,1,0,0,1250,30
(4)CircuitBreaker.scx,Zerg,1,0,0,0,0,0,0,6072,3,3,0,2,2,0,1,1,0,0,0,0,1,0,0,1,0,0,1250,30
(4)CircuitBreaker.scx,Zerg,1,0,0,0,0,0,0,6084,3,3,0,2,2,0,1,1,0,0,0,0,1,0,0,1,0,0,1250,30
(4)CircuitBreaker.scx,Zerg,0,0,0,0,0,0,0,6096,3,3,0,2,2,0,1,1,0,0,0,0,1,0,0,1,0,0,1250,30
(4)CircuitBreaker.scx,Zerg,0,0,0,0,0,0,0,6108,3,3,0,2,2,0,1,1,0,0,0,0,1,0,0,1,0,0,1250,30
(4)CircuitBreaker.scx,Zerg,0,0,0,0,0,0,0,6120,3,3,0,2,2,0,1,1,0,0,0,0,1,0,0,1,0,0,1250,30
(4)CircuitBreaker.scx,Zerg,0,0,0,0,0,0,0,6132,3,3,0,2,2,0,1,1,0,0,0,0,1,0,0,1,0,0,1250,30
(4)CircuitBreaker.scx,Zerg,0,0,0,0,0,0,0,6144,3,3,0,2,2,0,1,1,0,0,0,0,1,0,0,1,0,0,1250,30
(4)CircuitBreaker.scx,Zerg,0,0,0,0,0,0,0,6156,3,3,0,2,2,0,1,1,0,0,0,0,1,0,0,1,0,0,1250,30
(4)CircuitBreaker.scx,Zerg,0,0,0,0,0,0,0,6168,3,3,0,2,2,0,1,1,0,0,0,0,1,0,0,1,0,0,1250,30
(4)CircuitBreaker.scx,Zerg,0,0,0,0,0,0,0,6180,3,3,0,2,2,0,1,1,0,0,0,0,1,0,0,1,0,0,1250,30
(4)CircuitBreaker.scx,Zerg,0,0,0,0,0,0,0,6192,3,3,0,2,2,0,1,1,0,0,0,0,1,0,0,1,0,0,1250,30
(4)CircuitBreaker.scx,Zerg,0,0,0,0,0,0,0,6204,3,3,0,2,2,0,1,1,0,0,0,0,1,0,0,1,0,0,1250,30
(4)CircuitBreaker.scx,Zerg,0,0,0,0,0,0,0,6216,3,3,0,2,2,0,1,1,0,0,0,0,1,0,0,1,0,0,1250,30
(4)CircuitBreaker.scx,Zerg,0,0,0,0,0,0,0,6228,3,3,0,2,2,0,1,1,0,0,0,0,1,0,0,1,0,0,1250,30
(4)CircuitBreaker.scx,Zerg,0,0,0,0,0,0,0,6240,3,3,0,2,2,0,1,1,0,0,0,0,1,0,0,1,0,0,1250,30
(4)CircuitBreaker.scx,Zerg,0,0,0,0,0,0,0,6252,3,3,0,2,2,0,1,1,0,0,0,0,1,0,0,1,0,0,1250,30
(4)CircuitBreaker.scx,Zerg,0,0,0,0,0,0,0,6264,3,3,0,2,2,0,1,1,0,0,0,0,1,0,0,1,0,0,1250,30
(4)CircuitBreaker.scx,Zerg,0,0,0,0,0,0,0,6276,3,3,0,2,2,0,1,1,0,0,0,0,1,0,0,1,0,0,1250,30
(4)CircuitBreaker.scx,Zerg,0,0,0,0,0,0,0,6288,3,3,0,2,2,0,1,1,0,0,0,0,1,0,0,1,0,0,1250,30
(4)CircuitBreaker.scx,Zerg,0,0,0,0,0,0,0,6300,3,3,0,2,2,0,1,1,0,0,0,0,1,0,0,1,0,0,1250,30
(4)CircuitBreaker.scx,Zerg,0,0,0,0,0,0,0,6312,3,3,0,2,2,0,1,1,0,0,0,0,1,0,0,1,0,0,1250,30
(4)CircuitBreaker.scx,Zerg,0,0,0,0,0,0,0,6324,3,3,0,2,2,0,1,1,0,0,0,0,1,0,0,1,0,0,1250,30
(4)CircuitBreaker.scx,Zerg,0,0,0,0,0,0,0,6336,3,3,0,2,2,0,1,1,0,0,0,0,1,0,0,1,0,0,1250,30
(4)CircuitBreaker.scx,Zerg,0,0,0,0,0,0,0,6348,3,3,0,2,2,0,1,1,0,0,0,0,1,0,0,1,0,0,1250,30
(4)CircuitBreaker.scx,Zerg,0,0,0,0,0,0,0,6360,3,3,0,2,2,0,1,1,0,0,0,0,1,0,0,1,0,0,1250,30
(4)CircuitBreaker.scx,Zerg,0,0,0,0,0,0,0,6372,3,3,0,2,2,0,1,1,0,0,0,0,1,0,0,1,0,0,1250,30
(4)CircuitBreaker.scx,Zerg,0,0,0,0,0,0,0,6384,3,3,0,2,2,0,1,1,0,0,0,0,1,0,0,1,0,0,1250,30
(4)CircuitBreaker.scx,Zerg,0,0,0,0,0,0,0,6396,3,3,0,2,2,0,1,1,0,0,0,0,1,0,0,1,0,0,1250,30
(4)CircuitBreaker.scx,Zerg,0,0,0,0,0,0,0,6408,3,3,0,2,2,0,1,1,0,0,0,0,1,0,0,1,0,0,1250,30
(4)CircuitBreaker.scx,Zerg,0,0,0,0,0,0,0,6420,3,3,0,2,2,0,1,1,0,0,0,0,1,0,0,1,0,0,1250,30
(4)CircuitBreaker.scx,Zerg,0,0,0,0,0,0,0,6432,3,3,0,2,2,0,1,1,0,0,0,0,1,0,0,1,0,0,1250,30
(4)CircuitBreaker.scx,Zerg,0,0,0,0,0,0,0,6444,3,3,0,2,2,0,1,1,0,0,0,0,1,0,0,1,0,0,1250,30
(4)CircuitBreaker.scx,Zerg,0,0,0,0,0,0,0,6456,3,3,0,2,2,0,1,1,0,0,0,0,1,0,0,1,0,0,1250,30
(4)CircuitBreaker.scx,Zerg,0,0,0,0,0,0,0,6468,3,3,0,2,2,0,1,1,0,0,0,0,1,0,0,1,0,0,1250,30
(4)CircuitBreaker.scx,Zerg,0,0,0,0,0,0,0,6480,3,3,0,2,2,0,1,1,0,0,0,0,1,0,0,1,0,0,1250,30
(4)CircuitBreaker.scx,Zerg,0,0,0,0,0,0,0,6492,3,3,0,2,2,0,1,1,0,0,0,0,1,0,0,1,0,0,1250,30
(4)CircuitBreaker.scx,Zerg,0,0,0,0,0,0,0,6504,3,3,0,2,2,0,1,1,0,0,0,0,1,0,0,1,0,0,1250,30
(4)CircuitBreaker.scx,Zerg,0,0,0,0,0,0,0,6516,3,3,0,2,2,0,1,1,0,0,0,0,1,0,0,1,0,0,1250,30
(4)CircuitBreaker.scx,Zerg,0,0,0,0,0,0,0,6528,3,3,0,2,2,0,1,1,0,0,0,0,1,0,0,1,0,0,1250,30
(4)CircuitBreaker.scx,Zerg,0,0,0,0,0,0,0,6540,3,3,0,2,2,0,1,1,0,0,0,0,1,0,0,1,0,0,1250,30
(4)CircuitBreaker.scx,Zerg,0,0,0,0,0,0,0,6552,3,3,0,2,2,0,1,1,0,0,0,0,1,0,0,1,0,0,1250,30
(4)CircuitBreaker.scx,Zerg,0,0,0,0,0,0,0,6564,3,3,0,2,2,0,1,1,0,0,0,0,1,0,0,1,0,0,1250,30
(4)CircuitBreaker.scx,Zerg,0,0,0,0,0,0,0,6576,3,3,0,2,2,0,1,1,0,0,0,0,1,0,0,1,0,0,1250,30
(4)CircuitBreaker.scx,Zerg,0,0,0,0,0,0,0,6588,3,3,0,2,2,0,1,1,0,0,0,0,1,0,0,1,0,0,1250,30
(4)CircuitBreaker.scx,Zerg,0,0,0,0,0,0,0,6600,3,3,0,2,2,0,1,1,0,0,0,0,1,0,0,1,0,0,1250,30
(4)CircuitBreaker.scx,Zerg,0,0,0,0,0,0,0,6612,3,3,0,2,2,0,1,1,0,0,0,0,1,0,0,1,0,0,1250,30
(4)CircuitBreaker.scx,Zerg,0,0,0,0,0,0,0,6624,3,3,0,2,2,0,1,1,0,0,0,0,1,0,0,1,0,0,1250,30
(4)CircuitBreaker.scx,Zerg,0,0,0,0,0,0,0,6636,3,3,0,2,2,0,1,1,0,0,0,0,1,0,0,1,0,0,1250,30
(4)CircuitBreaker.scx,Zerg,0,0,0,0,0,0,0,6648,3,3,0,2,2,0,1,1,0,0,0,0,1,0,0,1,0,0,1250,30
(4)CircuitBreaker.scx,Zerg,0,0,0,0,0,0,0,6660,3,3,0,2,2,0,1,1,0,0,0,0,1,0,0,1,0,0,1250,30
(4)CircuitBreaker.scx,Zerg,0,0,0,0,0,0,0,6672,3,3,0,2,2,0,1,1,0,0,0,0,1,0,0,1,0,0,1250,30
(4)CircuitBreaker.scx,Zerg,0,0,0,0,0,0,0,6684,3,3,0,2,2,0,1,1,0,0,0,0,1,0,0,1,0,0,1250,30
(4)CircuitBreaker.scx,Zerg,0,0,0,0,0,0,0,6696,3,3,0,2,2,0,1,1,0,0,0,0,1,0,0,1,0,0,1250,30
(4)CircuitBreaker.scx,Zerg,0,0,0,0,0,0,0,6708,3,3,0,2,2,0,1,1,0,0,0,0,1,0,0,1,0,0,1250,30
(4)CircuitBreaker.scx,Zerg,0,0,0,0,0,0,0,6720,3,3,0,2,2,0,1,1,0,0,0,0,1,0,0,1,0,0,1250,30
(4)CircuitBreaker.scx,Zerg,0,0,0,0,0,0,0,6732,3,3,0,2,2,0,1,1,0,0,0,0,1,0,0,1,0,0,1250,30
(4)CircuitBreaker.scx,Zerg,0,0,0,0,0,0,0,6744,3,3,0,2,2,0,1,1,0,0,0,0,1,0,0,1,0,0,1250,30
(4)CircuitBreaker.scx,Zerg,0,0,0,0,0,0,0,6756,3,3,0,2,2,0,1,1,0,0,0,0,1,0,0,1,0,0,1250,30
(4)CircuitBreaker.scx,Zerg,0,0,0,0,0,0,0,6768,3,3,0,2,2,0,1,1,0,0,0,0,1,0,0,1,0,0,1250,30
(4)CircuitBreaker.scx,Zerg,0,0,0,0,0,0,0,6780,3,3,0,2,2,0,1,1,0,0,0,0,1,0,0,1,0,0,1250,30
(4)CircuitBreaker.scx,Zerg,0,0,0,0,0,0,0,6792,3,3,0,2,2,0,1,1,0,0,0,0,1,0,0,1,0,0,1250,30
(4)CircuitBreaker.scx,Zerg,0,0,0,0,0,0,0,6804,3,3,0,2,2,0,1,1,0,0,0,0,1,0,0,1,1,0,1250,30
(4)CircuitBreaker.scx,Zerg,0,0,0,0,0,0,0,6816,3,3,0,2,2,0,1,1,0,0,0,0,1,0,0,1,1,0,1250,30
(4)CircuitBreaker.scx,Zerg,0,0,0,0,0,0,0,6828,3,3,0,2,2,0,1,1,0,0,0,0,1,0,0,1,1,0,1250,30
(4)CircuitBreaker.scx,Zerg,0,0,0,0,0,0,0,6840,3,3,0,2,2,0,1,1,0,0,0,0,1,0,0,1,1,0,1250,30
(4)CircuitBreaker.scx,Zerg,0,0,0,0,0,0,0,6852,3,3,0,2,2,0,1,1,0,0,0,0,1,0,0,1,1,0,1250,30
(4)CircuitBreaker.scx,Zerg,0,0,0,0,0,0,0,6864,3,3,0,2,2,0,1,1,0,0,0,0,1,0,0,1,1,0,1250,30
(4)CircuitBreaker.scx,Zerg,0,0,0,0,0,0,0,6876,3,3,0,2,2,0,1,1,0,0,0,0,1,0,0,1,1,0,1250,30
(4)CircuitBreaker.scx,Zerg,0,0,0,0,0,0,0,6888,3,3,0,2,2,0,1,1,0,0,0,0,1,0,0,1,1,0,1250,30
(4)CircuitBreaker.scx,Zerg,0,0,0,0,0,0,0,6900,3,3,0,2,2,0,1,1,0,0,0,0,1,0,0,1,1,0,1250,30
(4)CircuitBreaker.scx,Zerg,0,0,0,0,0,0,0,6912,3,3,0,2,2,0,1,1,0,0,0,0,1,0,0,1,1,0,1250,30
(4)CircuitBreaker.scx,Zerg,0,0,0,0,0,0,0,6924,3,3,0,2,2,0,1,1,0,0,0,0,1,0,0,1,1,0,1250,30
(4)CircuitBreaker.scx,Zerg,0,0,0,0,0,0,0,6936,3,3,0,2,2,0,1,1,0,0,0,0,1,0,0,1,1,0,1250,30
(4)CircuitBreaker.scx,Zerg,0,0,0,0,0,0,0,6948,3,3,0,2,2,0,1,1,0,0,0,0,1,0,0,1,1,0,1250,30
(4)CircuitBreaker.scx,Zerg,0,0,0,0,0,0,0,6960,3,3,0,2,2,0,1,1,0,0,0,0,1,0,0,1,1,0,1250,30
(4)CircuitBreaker.scx,Zerg,0,0,0,0,0,0,0,6972,3,3,0,2,2,0,1,1,0,0,0,0,1,0,0,1,1,0,1250,30
(4)CircuitBreaker.scx,Zerg,0,0,0,0,0,0,0,6984,3,3,0,2,2,0,1,1,0,0,0,0,1,0,0,1,1,0,1250,30
(4)CircuitBreaker.scx,Zerg,0,0,0,0,0,0,0,6996,3,3,0,2,2,0,1,1,0,0,0,0,1,0,0,1,1,0,1250,30
(4)CircuitBreaker.scx,Zerg,0,0,0,0,0,0,0,7008,3,3,0,2,2,0,1,1,0,0,0,0,1,0,0,1,1,0,1250,30
(4)CircuitBreaker.scx,Zerg,0,0,0,0,0,0,0,7020,3,3,0,2,2,0,1,1,0,0,0,0,1,0,0,1,1,0,1250,30
(4)CircuitBreaker.scx,Zerg,0,0,0,0,0,0,0,7032,3,3,0,2,2,0,1,1,0,0,0,0,1,0,0,1,1,0,1250,30
(4)CircuitBreaker.scx,Zerg,0,0,0,0,0,0,0,7044,3,3,0,2,2,0,1,1,0,0,0,0,1,0,0,1,1,0,1250,30
(4)CircuitBreaker.scx,Zerg,0,0,0,0,0,0,0,7056,3,3,0,2,2,0,1,1,0,0,0,0,1,0,0,1,1,0,1250,30
(4)CircuitBreaker.scx,Zerg,0,0,0,0,0,0,0,7068,3,3,0,2,2,0,1,1,0,0,0,0,1,0,0,1,1,0,1250,30
(4)CircuitBreaker.scx,Zerg,0,0,0,0,0,0,0,7080,3,3,0,2,2,0,1,1,0,0,0,0,1,0,0,1,1,0,1250,30
(4)CircuitBreaker.scx,Zerg,0,0,0,0,0,0,0,7092,3,3,0,2,2,0,1,1,0,0,0,0,1,0,0,1,1,0,1250,30
(4)CircuitBreaker.scx,Zerg,0,0,0,0,0,0,0,7104,3,3,0,2,2,0,1,1,0,0,0,0,1,0,0,1,1,0,1250,30
(4)CircuitBreaker.scx,Zerg,0,0,0,0,0,0,0,7116,3,3,0,2,2,0,1,1,0,0,0,0,1,0,0,1,1,0,1250,30
(4)CircuitBreaker.scx,Zerg,0,0,0,0,0,0,0,7128,3,3,0,2,2,0,1,1,0,0,0,0,1,0,0,1,1,0,1250,30
(4)CircuitBreaker.scx,Zerg,0,0,0,0,0,0,0,7140,3,3,0,2,2,0,1,1,0,0,0,0,1,0,0,1,1,0,1250,30
(4)CircuitBreaker.scx,Zerg,0,0,0,0,0,0,0,7152,3,3,0,2,2,0,1,1,0,0,0,0,1,0,0,1,1,0,1250,30
(4)CircuitBreaker.scx,Zerg,0,0,0,0,0,0,0,7164,3,3,0,2,2,0,1,1,0,0,0,0,1,0,0,1,1,0,1250,30
(4)CircuitBreaker.scx,Zerg,0,0,0,0,0,0,0,7176,3,3,0,2,2,0,1,1,0,0,0,0,1,0,0,1,1,0,1250,30
(4)CircuitBreaker.scx,Zerg,0,0,0,0,0,0,0,7188,3,3,0,2,2,0,1,1,0,0,0,0,1,0,0,1,1,0,1250,30
(4)CircuitBreaker.scx,Zerg,0,0,0,0,0,0,0,7200,3,3,0,2,2,0,1,1,0,0,0,0,1,0,0,1,0,0,1250,30
